3,1
3,3
10,286
10,216
10,184
10,274
10,272
10,34
10,76
10,198
10,2
10,3
11,10
11,22
11,24
11,26
11,18
9,6
9,4
8,11
8,14
8,13
8,2
8,3
0,515
144,8
144,7
144,6
144,5
144,4
144,3
144,2
144,1
144,0
143,3
143,2
143,1
143,0
130,3
130,2
130,1
130,0
129,3
129,2
129,1
129,0
128,3
128,2
128,1
128,0
127,3
127,2
127,1
127,0
126,3
126,2
126,1
126,0
125,3
125,2
125,1
125,0
124,3
124,2
124,1
124,0
123,3
123,2
123,1
123,0
122,3
122,2
122,1
122,0
121,3
121,2
121,1
121,0
120,3
120,2
120,1
120,0
119,3
119,2
119,1
119,0
118,3
118,2
118,1
118,0
117,3
117,2
117,1
67,3
67,1
20,3
20,2
20,1
19,3
19,2
19,1
12,3
12,2
18,1
12,1
11,29
18,3
11,27
11,25
11,23
11,21
11,15
11,13
11,11
14,1
11,9
11,7
14,3
11,1
